0.000000
2221.666992
2026.976440
22.492451
0.000000
0.000000
0.000000
542.393738
2371.701172
2361.651367
0.000000
0.000000
2339.058838
0.000000
0.000000
2320.179932
2317.204590
0.000000
0.000000
2269.704346
0.000000
0.000000
2170.710938
2331.521484
2005.066162
2309.276855
0.000000
2324.628906
1174.465820
2129.033203
2355.817871
0.000000
2355.471924
1957.214111
0.000000
1649.361694
0.000000
0.000000
0.000000
2304.334229
0.000000
0.000000
0.000000
2259.823486
2185.362793
2393.785156
2210.198486
2320.436523
0.000000
1981.580078
2196.502441
2229.764404
1999.075195
2178.278076
2252.046631
0.000000
2095.465820
0.000000
2241.623291
0.000000
2203.479248
1945.345215
0.000000
2376.953125
0.000000
0.000000
2574.378662
1969.707153
2079.582275
0.000000
294.151123
0.000000
0.000000
0.000000
0.000000
0.000000
2234.569824
2222.169189
0.000000
0.000000
2167.276367
0.000000
0.000000
1996.318115
0.000000
0.000000
0.000000
2241.418945
0.000000
0.000000
0.000000
2232.977783
0.000000
2355.781494
2178.764160
0.000000
864.746338
0.000000
2335.989502
1978.536865
