100
47.5 47.5 0.1
47.5 47.5 1.049
47.5 47.5 1.998
47.5 47.5 2.947
47.5 47.5 3.896
47.5 47.5 4.845
47.5 47.5 5.794
47.5 47.5 6.743
47.5 47.5 7.692
47.5 47.5 8.641
47.5 47.5 9.59
47.5 47.5 10.539
47.5 47.5 11.488
47.5 47.5 12.437
47.5 47.5 13.386
47.5 47.5 14.335
47.5 47.5 15.284
47.5 47.5 16.233
47.5 47.5 17.182
47.5 47.5 18.131
47.5 47.5 19.08
47.5 47.5 20.029
47.5 47.5 20.978
47.5 47.5 21.927
47.5 47.5 22.876
47.5 47.5 23.825
47.5 47.5 24.774
47.5 47.5 25.723
47.5 47.5 26.672
47.5 47.5 27.621
47.5 47.5 28.57
47.5 47.5 29.519
47.5 47.5 30.468
47.5 47.5 31.417
47.5 47.5 32.366
47.5 47.5 33.315
47.5 47.5 34.264
47.5 47.5 35.213
47.5 47.5 36.162
47.5 47.5 37.111
47.5 47.5 38.06
47.5 47.5 39.009
47.5 47.5 39.958
47.5 47.5 40.907
47.5 47.5 41.856
47.5 47.5 42.805
47.5 47.5 43.754
47.5 47.5 44.703
47.5 47.5 45.652
47.5 47.5 46.601
47.5 47.5 47.55
47.5 47.5 48.499
47.5 47.5 49.448
47.5 47.5 50.397
47.5 47.5 51.346
47.5 47.5 52.295
47.5 47.5 53.244
47.5 47.5 54.193
47.5 47.5 55.142
47.5 47.5 56.091
47.5 47.5 57.04
47.5 47.5 57.989
47.5 47.5 58.938
47.5 47.5 59.887
47.5 47.5 60.836
47.5 47.5 61.785
47.5 47.5 62.734
47.5 47.5 63.683
47.5 47.5 64.632
47.5 47.5 65.581
47.5 47.5 66.53
47.5 47.5 67.479
47.5 47.5 68.428
47.5 47.5 69.377
47.5 47.5 70.326
47.5 47.5 71.275
47.5 47.5 72.224
47.5 47.5 73.173
47.5 47.5 74.122
47.5 47.5 75.071
47.5 47.5 76.02
47.5 47.5 76.969
47.5 47.5 77.918
47.5 47.5 78.867
47.5 47.5 79.816
47.5 47.5 80.765
47.5 47.5 81.714
47.5 47.5 82.663
47.5 47.5 83.612
47.5 47.5 84.561
47.5 47.5 85.51
47.5 47.5 86.459
47.5 47.5 87.408
47.5 47.5 88.357
47.5 47.5 89.306
47.5 47.5 90.255
47.5 47.5 91.204
47.5 47.5 92.153
47.5 47.5 93.102
47.5 47.5 94.051
